00000000
00000011
00000101
00000110
00000111
00000110
00000101
00000011
00000000
11111101
11111011
11111010
11111001
11111010
11111011
11111101
00000000
00000011
00000101
00000110
00000111
00000110
00000101
00000011
00000000
11111101
11111011
11111010
11111001
11111010
11111011
11111101
00000000
00000011
00000101
00000110
00000111
00000110
00000101
00000011
00000000
11111101
11111011
11111010
11111001
11111010
11111011
11111101
00000000
00000011
00000101
00000110
00000111
00000110
00000101
00000011
00000000
11111101
11111011
11111010
11111001
11111010
11111011
11111101
